[gd_scene load_steps=12 format=2]

[ext_resource path="res://assets/Celantro/Celandro.gd" type="Script" id=1]
[ext_resource path="res://assets/Celantro/Feet.tscn" type="PackedScene" id=2]
[ext_resource path="res://assets/Celantro/Eyes.tscn" type="PackedScene" id=3]
[ext_resource path="res://audio/effects/footstep.wav" type="AudioStream" id=4]
[ext_resource path="res://audio/effects/wind.wav" type="AudioStream" id=5]
[ext_resource path="res://audio/effects/coin_pick_up.wav" type="AudioStream" id=6]
[ext_resource path="res://assets/Celantro/Area.gd" type="Script" id=7]
[ext_resource path="res://audio/effects/swoosh_02.wav" type="AudioStream" id=8]

[sub_resource type="BoxShape" id=3]
extents = Vector3( 0.620936, 1, 2.30323 )

[sub_resource type="CylinderShape" id=1]
radius = 2.22602
height = 0.694864

[sub_resource type="BoxShape" id=2]
extents = Vector3( 4.91894, 28.1921, 1 )

[node name="Celandro" type="KinematicBody"]
script = ExtResource( 1 )

[node name="Body" type="Spatial" parent="."]
transform = Transform( -1, 0, -8.74228e-008, 0, 1, 0, 8.74228e-008, 0, -1, -54.8099, -2.20012, 0 )

[node name="Feet" parent="Body" instance=ExtResource( 2 )]
transform = Transform( 1, 0, 0, 0, 1, 0, 0, 0, 1, 0, 2.20012, 0 )

[node name="Raycasts" type="Spatial" parent="Body/Feet"]
transform = Transform( 1, -7.59275e-009, 3.30338e-010, 7.59275e-009, 0.996221, -0.0868509, 3.30346e-010, 0.0868509, 0.996221, 0, 0, 0 )

[node name="RayCast" type="RayCast" parent="Body/Feet/Raycasts"]
enabled = true
cast_to = Vector3( 0, 4, 0 )
collision_mask = 8

[node name="RayCast2" type="RayCast" parent="Body/Feet/Raycasts"]
transform = Transform( -4.37114e-008, 0, -1, 0, 1, 0, 1, 0, -4.37114e-008, 0, 0, 0 )
enabled = true
cast_to = Vector3( 4, 0, 0 )
collision_mask = 8

[node name="RayCast3" type="RayCast" parent="Body/Feet/Raycasts"]
transform = Transform( -1.81058e-008, 6.18173e-008, -1, 0.707107, 0.707107, 3.09086e-008, 0.707107, -0.707107, -5.65142e-008, 0, 0, 0 )
enabled = true
cast_to = Vector3( 4, 0, 0 )
collision_mask = 8

[node name="RayCast4" type="RayCast" parent="Body/Feet/Raycasts"]
transform = Transform( 1.05529e-007, 6.18172e-008, -1, 0.707107, -0.707107, 3.09086e-008, -0.707107, -0.707107, -1.18331e-007, 0, 0, 0 )
enabled = true
cast_to = Vector3( 4, 0, 0 )
collision_mask = 8

[node name="RayCast5" type="RayCast" parent="Body/Feet/Raycasts"]
transform = Transform( 1.31134e-007, -5.2108e-015, -1, -5.96046e-008, -1, 3.55271e-015, -1, 5.96046e-008, -1.31134e-007, 0, 0, 0 )
enabled = true
cast_to = Vector3( 4, 0, 0 )
collision_mask = 8

[node name="RayCast6" type="RayCast" parent="Body/Feet/Raycasts"]
transform = Transform( 1.05529e-007, -6.18173e-008, -1, -0.707107, -0.707107, -3.09086e-008, -0.707107, 0.707107, -1.18331e-007, 0, 0, 0 )
enabled = true
cast_to = Vector3( 4, 0, 0 )
collision_mask = 8

[node name="RayCast7" type="RayCast" parent="Body/Feet/Raycasts"]
transform = Transform( 4.37114e-008, -8.74228e-008, -1, -1, 5.96046e-008, -4.37114e-008, 5.96047e-008, 1, -8.74228e-008, 0, 0, 0 )
enabled = true
cast_to = Vector3( 4, 0, 0 )
collision_mask = 8

[node name="RayCast8" type="RayCast" parent="Body/Feet/Raycasts"]
transform = Transform( -1.81058e-008, -6.18172e-008, -1, -0.707107, 0.707107, -3.09086e-008, 0.707107, 0.707107, -5.65142e-008, 0, 0, 0 )
enabled = true
cast_to = Vector3( 4, 0, 0 )
collision_mask = 8

[node name="Eyes" parent="Body" instance=ExtResource( 3 )]
transform = Transform( 1, 0, 0, 0, 1, 0, 0, 0, 1, 0, 2.20012, 0 )

[node name="Footstep" type="AudioStreamPlayer3D" parent="Body"]
transform = Transform( -4.37114e-008, 0, -1, 0, 1, 0, 1, 0, -4.37114e-008, -5.73928, 2.20012, -5.01744e-007 )
stream = ExtResource( 4 )
unit_db = -20.0
unit_size = 5.0
max_db = 6.0
max_distance = 40.0
bus = "Reverb"
emission_angle_enabled = true
emission_angle_degrees = 52.0

[node name="RayCast" type="RayCast" parent="Body"]
transform = Transform( -1, 0, 8.74228e-008, 0, 1, 0, -8.74228e-008, 0, -1, -0.0213966, 2.20012, -1.87038e-009 )
enabled = true
cast_to = Vector3( 0, 0, 3 )
collision_mask = 6

[node name="FloorCast" type="RayCast" parent="Body"]
transform = Transform( -1, 0, 8.74228e-008, 0, 1, 0, -8.74228e-008, 0, -1, -0.0209999, 2.20012, -1.83582e-009 )
enabled = true
cast_to = Vector3( 0, -2.5, 0 )
collision_mask = 6

[node name="PickUps" type="Area" parent="Body"]
collision_layer = 32
collision_mask = 32

[node name="CollisionShape" type="CollisionShape" parent="Body/PickUps"]
transform = Transform( 1, 0, 0, 0, 1, 0, 0, 0, 1, 0, 1.06102, 0 )
shape = SubResource( 3 )

[node name="col0" type="CollisionShape" parent="."]
transform = Transform( -4.37114e-008, -1, 0, 1, -4.37114e-008, 0, 0, 0, 1, -51.789, 5.61547, 0 )
shape = SubResource( 1 )

[node name="col1" type="CollisionShape" parent="."]
transform = Transform( -4.37114e-008, -1, 0, 1, -4.37114e-008, 0, 0, 0, 1, -54.7885, 0, -1.7808e-013 )
shape = SubResource( 1 )

[node name="col2" type="CollisionShape" parent="."]
transform = Transform( -4.37114e-008, -1, 0, 1, -4.37114e-008, 0, 0, 0, 1, -57.789, 6, 0 )
shape = SubResource( 1 )

[node name="Tween" type="Tween" parent="."]

[node name="Sounds" type="Node" parent="."]

[node name="Wind" type="AudioStreamPlayer" parent="Sounds"]
stream = ExtResource( 5 )
volume_db = -44.72
autoplay = true

[node name="Coin" type="AudioStreamPlayer" parent="Sounds"]
stream = ExtResource( 6 )
volume_db = -20.0

[node name="ActivateCasts" type="Timer" parent="."]
autostart = true

[node name="Area" type="Area" parent="."]
transform = Transform( 1, 0, 0, 0, 1, 0, 0, 0, 1, -54.81, 0, 0 )
collision_layer = 4
collision_mask = 4
script = ExtResource( 7 )

[node name="CollisionShape" type="CollisionShape" parent="Area"]
shape = SubResource( 2 )

[node name="Pass" type="AudioStreamPlayer" parent="Area"]
stream = ExtResource( 8 )
volume_db = -35.0
bus = "Reverb"

[node name="Invincible" type="Timer" parent="."]

[connection signal="body_entered" from="Body/PickUps" to="." method="_on_PickUps_body_entered"]
[connection signal="timeout" from="ActivateCasts" to="." method="_on_Step_timeout"]
[connection signal="body_entered" from="Area" to="Area" method="_on_Area_body_entered"]
[connection signal="timeout" from="Invincible" to="." method="_on_Invincible_timeout"]
